.Random.seed <-
c(403L, 10L, 1328436733L, 378931188L, -2140630822L, 1614094885L, 
169951039L, 1949355206L, -804716208L, -1714269837L, 772791185L, 
-1452061248L, 867174302L, 1914853737L, 1479195035L, 957222058L, 
758258380L, -1527143537L, -869034043L, -615687300L, -917052462L, 
-1427868851L, -1466273273L, -596700690L, 563686600L, 1831494603L, 
-1167907287L, -1992840072L, 1396271526L, 1426000833L, -450164653L, 
625630978L, -2033104332L, 1012342711L, -1377886291L, -612631356L, 
1198584042L, 156362581L, -207472401L, -1486967050L, -838297056L, 
-1845293085L, 2020697217L, -934546704L, -916989554L, 189888249L, 
-776731509L, -2135135046L, 210216892L, -1163864833L, -1694615467L, 
1195625324L, -638344254L, 414589981L, 1782699159L, -1891311106L, 
2128486840L, 546565531L, -1062685703L, 386825032L, -519383434L, 
-1344155727L, 1967845859L, 1126168242L, 1561692932L, -324634553L, 
1168928541L, -1391807084L, 736500026L, -327006843L, -1996517793L, 
477206758L, 2006588272L, -1586971501L, 893856049L, 1982918624L, 
-286337922L, 1680922377L, -2106582725L, -1518306038L, -889195284L, 
-1114676881L, 1189799589L, 1148237916L, -97710030L, 1951680301L, 
-1759246873L, -491521778L, -1190338840L, 1601761515L, -559779447L, 
72954136L, -849722298L, 1115180193L, 990663475L, -128157022L, 
772755860L, -159866857L, -2069727219L, -254350044L, 1144084746L, 
1471361141L, 316431311L, 724028630L, -902333312L, 1563468483L, 
-1706750879L, -1292342064L, -1028522450L, -353271847L, -641835029L, 
613447258L, -194146276L, -1729090273L, -293286539L, -1966097396L, 
1259412962L, -1948426563L, 820197687L, -982442530L, -33819880L, 
-7521669L, 468056089L, -190943064L, 311407190L, -1576141103L, 
-317288829L, -726366958L, 893644964L, 319549543L, 902513085L, 
778357556L, 1922154650L, -1094269211L, -1812959105L, -633411066L, 
1200018832L, -1459279821L, -1586559023L, -1788834432L, 127172702L, 
-582340695L, 1645491803L, 702188138L, 5420812L, -58621617L, -943367675L, 
-1788761924L, -532577902L, -1416504691L, -785479481L, 1106034094L, 
480815112L, 1315912715L, 1193384169L, -1312671816L, 16978022L, 
-152641279L, -1340721261L, 1376602178L, -742137868L, 246692343L, 
625602029L, -815530364L, 145039530L, 2112433685L, -1479994705L, 
998811830L, 1587750624L, -2039260637L, -469482175L, 1845819440L, 
-1625054642L, -130464071L, 1271743179L, -1158777990L, 377102972L, 
277092031L, -1303142507L, 1486690220L, 1183540610L, 1812269917L, 
288343639L, 919082302L, -660912776L, -456821157L, 545849785L, 
-936672248L, 1641250486L, 680324593L, -1157553117L, -2038563726L, 
386408132L, -1476282233L, -21636003L, 315048532L, 1760041082L, 
474905541L, -1935815393L, -1808507738L, 286887472L, -590957357L, 
-594183439L, -1081873888L, -1543861058L, -1402382135L, 593627771L, 
-2028650422L, 1584009388L, 1255245743L, 93877093L, 1110042908L, 
-1389702798L, -453234195L, -173894105L, 370677326L, -1958282584L, 
654284971L, 2009833929L, -33755688L, -428622714L, -1930010271L, 
-422681357L, 838429538L, 1831658964L, -124489513L, 492266189L, 
-1653030300L, 1916131402L, 1621587802L, -442200688L, -1070555780L, 
-1243100908L, 928253250L, -932359424L, -1212316740L, 969159504L, 
1332583714L, 1334266184L, 896293900L, -1584966564L, 94029010L, 
-637750272L, 1160652628L, 1990662632L, -249961478L, 358654672L, 
-1101214420L, 1969505524L, -1727966318L, 2128925792L, 722647308L, 
-1442368800L, -928973470L, 612071080L, 755129932L, -2099571844L, 
-1231462606L, -673052048L, -939626172L, -250026024L, -911625094L, 
669764144L, 1735382716L, -463255724L, -442796478L, 2111428512L, 
-1092533060L, 557486544L, 264270178L, 2106413032L, -332631092L, 
-407406852L, -296930318L, 1081035904L, 1620281588L, 577822856L, 
-1489407686L, -1091302576L, -81801108L, -312939372L, 1262523730L, 
374471392L, 1004731596L, -1611963232L, -199506558L, -1993091864L, 
-1230379796L, 1597122620L, 1244425330L, -2102735760L, 620565028L, 
2106062392L, 444178970L, 312970448L, 264343100L, 955238548L, 
-721685374L, -506874944L, 46663996L, 395480720L, 1307792418L, 
-1597161464L, -1208384372L, -360547300L, -1924394862L, 900897920L, 
-1579807724L, 1337927464L, 827412538L, -45197104L, -1479868308L, 
-583985484L, -1433371630L, 1981240288L, -1285938228L, -1445475872L, 
-1436559326L, -415757016L, -490225396L, -45972932L, 504801522L, 
1886498032L, 700096324L, 1503083608L, -1538195910L, 283318512L, 
866911932L, -1473486316L, 306111682L, -1971529120L, -1964088964L, 
-1771643696L, -1887604702L, 1933391016L, -118836852L, 1580347836L, 
-558191566L, -1364553920L, -2103178572L, 1997274440L, -1814595910L, 
1268968208L, 355604716L, 2089757780L, 203682578L, 649293216L, 
-1656879156L, 641882976L, 210472130L, 2041279016L, 1532599724L, 
1273713468L, -833749134L, 726159152L, 574696484L, -1526836680L, 
2027132634L, -531119216L, 691880188L, 197364116L, -284136638L, 
2132980224L, 1391318076L, 662669904L, -2056907614L, 685528904L, 
1885808140L, 1470285532L, 181125202L, -536002432L, 1443734356L, 
1997206504L, -2128739590L, 910372688L, -1886466004L, 326136180L, 
-937641326L, -185494944L, 1507683468L, -1985307296L, 586170594L, 
1640433832L, 1056580300L, 992241148L, -291358798L, -1320992784L, 
-1711792700L, -346392232L, 182267258L, 1041739184L, 791009724L, 
-857601452L, -1446928958L, -653231328L, 877697980L, 475243600L, 
-973731870L, -2012681368L, -911214772L, 1652742908L, 2006209266L, 
180035840L, 1361855604L, -1595229688L, -2134044230L, -1513449008L, 
865965036L, -1856415852L, 1161524434L, -1142419360L, -1278662324L, 
1904119584L, 1870320258L, 706089448L, 1617032172L, -888758724L, 
-1162771854L, 1716324208L, 784621860L, 1512689208L, -2029544038L, 
-1995229744L, 1622069692L, -940414316L, -185215358L, 492763584L, 
1044832060L, 1387497104L, -313167070L, 126995976L, -1825843444L, 
1617010588L, 1839089682L, 265581440L, 1668390676L, -1227925208L, 
24193082L, -1195268144L, -888200596L, 288273460L, -1042883438L, 
-1129274016L, -1342107316L, -192851488L, 476825506L, 535048104L, 
-220332916L, 1026366396L, -636288910L, -1223371792L, 420343876L, 
599413848L, 1609185338L, 776409200L, 1931225660L, -67968517L, 
-475123107L, 991833482L, -209816152L, -1171186927L, -1806484989L, 
1558646020L, 1319799090L, -1411311737L, 1003668945L, -514148522L, 
-2137144012L, -1316828091L, -1308920689L, -1347558904L, 663707174L, 
2024122067L, 305944629L, 1044641682L, 1629882208L, 1511736009L, 
1246184955L, -186551860L, -23103398L, 1439761743L, 582831129L, 
-1939729874L, -1082224580L, 1743107501L, -538966441L, 1319008160L, 
-632384258L, 1536698315L, 555200973L, -669039366L, -1360246984L, 
191304929L, 769701779L, 1877896116L, 271245506L, -969755433L, 
947757345L, 1509730534L, -1257759260L, 1368750357L, 1814753599L, 
-979264296L, 943265014L, 2098261763L, -1590769595L, 54274146L, 
-428498992L, -406067975L, 446213675L, -373786212L, -1393047094L, 
1027361471L, -758842359L, 1967226142L, 267903180L, -1851603811L, 
-1369007833L, -390503600L, 142589422L, -587887973L, 1139727613L, 
-163757078L, 868537480L, 872262193L, -2085266269L, -1101659996L, 
1844506962L, -706425689L, -1013503759L, 1631748150L, -839622444L, 
1637323877L, 1918750319L, 1813262504L, 1946803718L, -50118861L, 
-1414005867L, 1219792882L, -1211864000L, 727520681L, 231406619L, 
1210202604L, -1640979974L, 1608959535L, -641457607L, 380238926L, 
-525376356L, -1245063667L, 169450103L, -1240618368L, 1068253406L, 
1646513067L, 1344152749L, -913065702L, -1502188072L, -1416735167L, 
-2018915085L, 800938772L, -797558110L, 1272681399L, 18927489L, 
1125004678L, 1956157380L, 2082568949L, -101052577L, 1505464760L, 
1922082966L, 1010945699L, 1080520805L, -575814270L, 134838000L, 
-369120615L, 1226821259L, 277114748L, 652616106L, -1925207585L, 
30031721L, -431421570L, 6459244L, 1319121853L, 191488135L, -606823312L, 
-206416114L, -1467823045L, -1737260259L, -1125242422L, 465851112L, 
569693649L, 204433347L, -1604882236L, 1001926514L, 135090759L, 
1964765713L, -923632746L, 1248579316L, -1001463675L, -1128790577L, 
-1174826808L, 1764358502L, 1815092115L, 352945397L, 1872868562L, 
